1.000000000000000056e-01
1.160155301739971417e-01
1.345960324155364707e-01
1.561523006000497260e-01
1.811609194200414219e-01
2.101748011332488231e-01
2.438354098268828429e-01
2.828869434625969626e-01
3.281927872511474220e-01
3.807546021222372179e-01
4.417344703140069773e-01
5.124805876960933926e-01
5.945570708544390959e-01
6.897785379387654237e-01
8.002502278161049976e-01
9.284145445194744717e-01
1.077105056036768982e+00
1.249609141291986747e+00
1.449740670372631435e+00
1.681924324880869737e+00
1.951293422635963282e+00
2.263803409521447652e+00
2.626363527653332586e+00
3.046989570903507971e+00
3.534981105030105653e+00
4.101127070551299880e+00
4.757944314009408870e+00
5.519954321281570486e+00
6.404004271197279330e+00
7.429639507594946402e+00
8.619535664753032123e+00
1.000000000000000000e+01
